KUIPER-00008            
1 63724U 25088A   26086.30538352 -.00086146  00000+0 -12347-1 0  9990
2 63724  51.9042   9.5345 0001833 115.2707 244.8444 14.76622705 50666
KUIPER-00009            
1 63725U 25088B   26086.85057103  .00001404  00000+0  19680-3 0  9992
2 63725  51.9063  26.0222 0005900 154.3391 205.7867 14.83456669 50476
KUIPER-00010            
1 63726U 25088C   26086.80563599  .00001848  00000+0  27129-3 0  9998
2 63726  51.9047   2.9865 0000764  88.8091 271.2959 14.79935366 50411
KUIPER-00011            
1 63727U 25088D   26086.76377835  .00000676  00000+0  11769-3 0  9991
2 63727  51.9044  10.7349 0000650  89.2281 270.8756 14.79900606 50434
KUIPER-00012            
1 63728U 25088E   26086.47608578  .00001153  00000+0  18025-3 0  9994
2 63728  51.9035 356.9311 0001019 108.6415 251.4658 14.79937321 50557
KUIPER-00013            
1 63729U 25088F   26086.54221241  .00003602  00000+0  50096-3 0  9996
2 63729  51.9031  29.1532 0002121  99.4441 260.6761 14.79962751 50214
KUIPER-00014            
1 63730U 25088G   26086.84798918  .00005868  00000+0  73326-3 0  9998
2 63730  51.9046  28.4587 0001705 165.3803 194.7210 14.83510049 50069
KUIPER-00015            
1 63731U 25088H   26086.59898334  .00003942  00000+0  54493-3 0  9999
2 63731  51.8997  38.9333 0000427  92.2382 267.8629 14.79999330 50356
KUIPER-00016            
1 63732U 25088J   26086.57516843  .00005507  00000+0  68863-3 0  9995
2 63732  51.9017  32.1949 0004648 134.4155 225.7190 14.83586645 49985
KUIPER-00018            
1 63733U 25088K   26086.82051036  .00001581  00000+0  23643-3 0  9997
2 63733  51.9061  20.3974 0000786  80.8754 279.2298 14.79917271 50174
KUIPER-00019            
1 63734U 25088L   26086.19083544  .00005463  00000+0  68476-3 0  9993
2 63734  51.9013  21.4678 0000773  86.0086 274.0966 14.83501020 50101
KUIPER-00020            
1 63735U 25088M   26086.54773699  .00007215  00000+0  97485-3 0  9999
2 63735  51.9031  24.1200 0003146 128.6022 231.5223 14.79915515 50302
KUIPER-00021            
1 63736U 25088N   26086.78500876  .00005855  00000+0  73179-3 0  9993
2 63736  51.9034  23.7452 0003065 130.6597 229.4634 14.83507397 50166
KUIPER-00023            
1 63737U 25088P   26086.54496547  .00003409  00000+0  47597-3 0  9995
2 63737  51.9037  26.5886 0001998 156.3622 203.7432 14.79933976 50408
KUIPER-00024            
1 63738U 25088Q   26086.82866224  .00001999  00000+0  29106-3 0  9998
2 63738  51.9072  12.9067 0000849  80.5663 279.5395 14.79947884 50744
KUIPER-00025            
1 63739U 25088R   26086.81533071  .00005442  00000+0  67896-3 0  9994
2 63739  51.9047  20.7408 0001300  58.2146 301.8945 14.83699612 50494
KUIPER-00027            
1 63740U 25088S   26086.82592567  .00004653  00000+0  63917-3 0  9995
2 63740  51.9017  15.3823 0000612 103.1893 256.9138 14.79913697 50309
KUIPER-00028            
1 63741U 25088T   26086.79461334  .00004580  00000+0  62786-3 0  9991
2 63741  51.9023  12.9900 0001586  86.7876 273.3268 14.80036203 50740
KUIPER-00029            
1 63742U 25088U   26086.52743085  .00002016  00000+0  29342-3 0  9992
2 63742  51.9055  11.7235 0000565  90.8335 269.2692 14.79933051 50263
KUIPER-00030            
1 63743U 25088V   26086.53962418  .00003726  00000+0  51748-3 0  9991
2 63743  51.9029  31.6141 0001306 138.7602 221.3459 14.79935450 50271
KUIPER-00031            
1 63744U 25088W   26086.82329513  .00005813  00000+0  72083-3 0  9991
2 63744  51.9024  15.0192 0001262 181.9426 178.1533 14.83847392 50245
KUIPER-00032            
1 63745U 25088X   26086.86634003  .00014532  00000+0  39330-3 0  9995
2 63745  51.8685 296.2876 0004995 175.6447 184.4584 15.37916766 52340
KUIPER-00033            
1 63746U 25088Y   26086.28711539  .00007860  00000+0  10581-2 0  9994
2 63746  51.9014  47.7587 0001459  86.8315 273.2814 14.79959457 50222
KUIPER-00034            
1 63747U 25088Z   26086.80025580  .00004070  00000+0  56273-3 0  9996
2 63747  51.9047   8.0133 0000872  80.9292 279.1769 14.79924941 50508
KUIPER-00035            
1 63748U 25088AA  26086.87343023  .00005738  00000+0  71805-3 0  9999
2 63748  51.9009  33.0164 0003971 116.4543 243.6829 14.83491937 50216
KUIPER-00037            
1 63749U 25088AB  26086.87446676  .00004596  00000+0  63052-3 0  9994
2 63749  51.9028  32.6428 0001052 101.1444 258.9637 14.79994046 51003
KUIPER-00038            
1 63750U 25088AC  26086.82338677  .00004863  00000+0  66537-3 0  9990
2 63750  51.9035  17.9081 0000881  89.0756 271.0307 14.79999003 50202
KUIPER-00039            
1 64500U 25134A   26086.59323726  .00003423  00000+0  47766-3 0  9993
2 64500  51.9010 153.9253 0000482  67.6458 292.4555 14.79940338 42726
KUIPER-00040            
1 64501U 25134B   26086.61969609  .00004503  00000+0  56930-3 0  9996
2 64501  51.8994 164.6514 0011151 331.0219  29.0125 14.83486113 42575
KUIPER-00041            
1 64502U 25134C   26086.91667824 -.00027924  00000+0 -36497-2 0  9993
2 64502  51.8982 164.9832 0000998  44.6230 311.5503 14.79926434  5439
KUIPER-00042            
1 64503U 25134D   26086.90273212  .00004507  00000+0  57265-3 0  9994
2 64503  51.8983 160.8634 0005424 353.6826   6.4068 14.83290449 42655
KUIPER-00043            
1 64504U 25134E   26086.49190956  .00003149  00000+0  44196-3 0  9992
2 64504  51.9013 154.3102 0000663  89.3214 270.7824 14.79925229 42712
KUIPER-00044            
1 64505U 25134F   26086.91667824 -.00027621  00000+0 -33126-2 0  9996
2 64505  51.8980 165.8648 0006158 345.5258  84.4579 14.83474739  5577
KUIPER-00046            
1 64506U 25134G   26086.64994312 -.00001132  00000+0 -11955-3 0  9998
2 64506  51.8979 163.6268 0000497  88.0198 272.0822 14.79924711 42596
KUIPER-00047            
1 64507U 25134H   26086.86250606  .00003598  00000+0  45929-3 0  9998
2 64507  51.8990 135.3475 0001491 113.5892 246.5228 14.83608219 43006
KUIPER-00048            
1 64508U 25134J   26086.40928947 -.00001521  00000+0 -17056-3 0  9995
2 64508  51.8988 137.2199 0000893  53.2946 306.8098 14.79930021 42944
KUIPER-00049            
1 64509U 25134K   26086.86688528  .00004033  00000+0  51225-3 0  9999
2 64509  51.9001 147.9795 0000786 210.9459 149.1459 14.83550800 42839
KUIPER-00050            
1 64510U 25134L   26086.91667824 -.00009165  00000+0 -11189-2 0  9990
2 64510  51.8989 129.9555 0001396  67.9963 267.4322 14.81954717  3953
KUIPER-00051            
1 64511U 25134M   26086.56754246  .00003102  00000+0  43575-3 0  9995
2 64511  51.9000 146.5502 0001223  89.6350 270.4753 14.79929171 42820
KUIPER-00053            
1 64513U 25134P   26086.60363787  .00001868  00000+0  27364-3 0  9993
2 64513  51.9008 143.8790 0000393 294.6288  65.4633 14.79978604 42862
KUIPER-00054            
1 64514U 25134Q   26086.33926263  .00000426  00000+0  84850-4 0  9991
2 64514  51.8994 140.0156 0000562  64.3985 295.7035 14.79927096 42891
KUIPER-00055            
1 64515U 25134R   26086.71037877  .00013622  00000+0  61921-3 0  9993
2 64515  51.8958  94.8407 0002258  84.6781 275.4457 15.21019091 43563
KUIPER-00056            
1 64516U 25134S   26086.84035126  .00001313  00000+0  20124-3 0  9997
2 64516  51.9027 142.8570 0000651 105.0384 255.0651 14.79918980 42903
KUIPER-00057            
1 64517U 25134T   26086.89975403 -.00000327  00000+0 -13850-4 0  9999
2 64517  51.8995 150.0529 0000346  89.4255 270.6747 14.79911306 42808
KUIPER-00058            
1 64518U 25134U   26086.53377021  .00002979  00000+0  41963-3 0  9991
2 64518  51.9002 146.6288 0000661  60.7686 299.3342 14.79927068 42825
KUIPER-00059            
1 64519U 25134V   26086.53915457  .00000178  00000+0  52278-4 0  9994
2 64519  51.8998 141.6550 0000173 303.3519  56.7427 14.79925424 42895
KUIPER-00060            
1 64520U 25134W   26086.84301839 -.00000078  00000+0  18753-4 0  9993
2 64520  51.9009 140.3473 0000272  22.4042 337.6932 14.79926459 42926
KUIPER-00061            
1 64521U 25134X   26086.46353834 -.00000518  00000+0 -39014-4 0  9997
2 64521  51.9034 149.4983 0000585  93.4879 266.6150 14.79924022 42763
KUIPER-00062            
1 64522U 25134Y   26086.86602688 -.00000648  00000+0 -56052-4 0  9991
2 64522  51.8965 150.2421 0000842  91.8025 268.3034 14.79878365 42807
KUIPER-00063            
1 64523U 25134Z   26086.92540357  .00000968  00000+0  15592-3 0  9999
2 64523  51.9026 157.4646 0000292  28.4163 331.6815 14.79931684 42707
KUIPER-00064            
1 64524U 25134AA  26086.92812803 -.00007127  00000+0 -90600-3 0  9997
2 64524  51.9017 154.8750 0000796 103.4663 256.6388 14.79970523 42743
KUIPER-00065            
1 64525U 25134AB  26086.92271006  .00003811  00000+0  52836-3 0  9995
2 64525  51.9038 160.0605 0000688  69.0022 291.1014 14.79950573 42654
KUIPER-00066            
1 64526U 25134AC  26086.91667824 -.00733913  00000+0 -52454-1 0  9991
2 64526  51.8825  98.3872 0001789  75.5357 224.8292 15.06780479  4592
KUIPER-00069            
1 64816U 25151A   26086.74456861  .00004560  00000+0  62673-3 0  9993
2 64816  51.9013 200.7869 0000594  70.5874 289.5152 14.79931003 39435
KUIPER-00070            
1 64817U 25151B   26086.68382726  .00004323  00000+0  59561-3 0  9994
2 64817  51.8984 225.9889 0000643 102.8511 257.2523 14.79941081 39087
KUIPER-00071            
1 64818U 25151C   26086.88910389  .00005610  00000+0  76441-3 0  9995
2 64818  51.9010 222.6052 0000494  52.3247 307.7761 14.79926546 37963
KUIPER-00072            
1 64819U 25151D   26086.80901293 -.00087750  00000+0 -11633-1 0  9999
2 64819  51.8863 202.9439 0002332  52.3884 307.7290 14.79926760 38235
KUIPER-00073            
1 64820U 25151E   26086.85538295  .00004302  00000+0  59256-3 0  9999
2 64820  51.8979 222.7462 0000528  82.8771 277.2251 14.79957571 39142
KUIPER-00074            
1 64821U 25151F   26086.91667824  .00070044  00000+0  11409-2 0  9991
2 64821  51.8979 201.8433 0003323  30.7190  38.4065 15.51990047  5376
KUIPER-00075            
1 64822U 25151G   26086.85973823  .00045714  00000+0  10567-2 0  9994
2 64822  51.8696 133.3178 0004471 355.8127   4.2823 15.42036538 39202
KUIPER-00076            
1 64823U 25151H   26086.91667824 -.00010172  00000+0 -13056-2 0  9991
2 64823  51.8990 212.4897 0001000  73.9914 195.5032 14.79987812  4481
KUIPER-00077            
1 64824U 25151J   26086.65819435  .00004344  00000+0  59847-3 0  9991
2 64824  51.9004 218.6443 0000655  82.1478 277.9559 14.79934127 38001
KUIPER-00078            
1 64825U 25151K   26086.69468008  .00000550  00000+0  10115-3 0  9992
2 64825  51.8997 215.9702 0000879 106.1017 254.0043 14.79929351 38045
KUIPER-00079            
1 64826U 25151L   26086.65536098  .00004476  00000+0  61560-3 0  9995
2 64826  51.8971 221.1150 0000454 100.1339 259.9675 14.79944651 39163
KUIPER-00080            
1 64827U 25151M   26086.68925087  .00004383  00000+0  60327-3 0  9996
2 64827  51.8992 220.9743 0000438 106.8678 253.2332 14.79954719 37973
KUIPER-00082            
1 64828U 25151N   26086.80400749  .00004033  00000+0  55771-3 0  9993
2 64828  51.8998 208.0011 0000656  86.1693 273.9344 14.79932951 38162
KUIPER-00083            
1 64829U 25151P   26086.86349778  .00004827  00000+0  66170-3 0  9990
2 64829  51.8988 215.2265 0000481  94.1035 265.9982 14.79938002 39251
KUIPER-00084            
1 64830U 25151Q   26086.78510568  .00000588  00000+0  10624-3 0  9993
2 64830  51.8987 225.5569 0000509 113.1432 246.9584 14.79908445 37913
KUIPER-00085            
1 64831U 25151R   26086.63521456  .00004157  00000+0  57361-3 0  9991
2 64831  51.9018 208.7783 0000520  89.5140 270.5882 14.79955340 38131
KUIPER-00086            
1 64832U 25151S   26086.62442524  .00004378  00000+0  60262-3 0  9998
2 64832  51.9007 218.7932 0000528 103.0406 257.0615 14.79953651 37992
KUIPER-00087            
1 64833U 25151T   26086.84586056 -.00000953  00000+0 -95974-4 0  9998
2 64833  51.8966 200.2911 0000688  84.3759 275.7282 14.79925193 38266
KUIPER-00089            
1 64834U 25151U   26086.70546201  .00004482  00000+0  61643-3 0  9996
2 64834  51.9006 205.9251 0000444 119.7655 240.3352 14.79938915 38183
KUIPER-00090            
1 64835U 25151V   26086.78100911 -.00004145  00000+0 -51515-3 0  9994
2 64835  51.8975 198.1184 0000643  85.1385 274.9650 14.79925305 38298
KUIPER-00091            
1 64836U 25151W   26086.70809620  .00000054  00000+0  36096-4 0  9991
2 64836  51.9035 203.4205 0000646 135.7926 224.3088 14.79921566 38218
KUIPER-00092            
1 64837U 25151X   26086.83511848  .00004672  00000+0  64144-3 0  9992
2 64837  51.8991 210.3570 0000743 108.5050 251.5994 14.79930447 39346
KUIPER-00093            
1 64838U 25151Y   26086.83242031  .00004644  00000+0  63745-3 0  9993
2 64838  51.8984 212.8496 0000702 111.6534 248.4504 14.79953068 38097
KUIPER-00094            
1 64839U 25151Z   26086.78059516 -.00005172  00000+0 -34511-3 0  9990
2 64839  51.8882 179.2235 0006465 357.3275   2.7663 15.04549931 38563
KUIPER-00081            
1 65132U 25171A   26086.68487345  .00002855  00000+0  40363-3 0  9998
2 65132  51.8992  68.4963 0001004  83.7401 276.3676 14.79904269 35700
KUIPER-00088            
1 65133U 25171B   26086.73354483 -.00000577  00000+0 -46699-4 0  9991
2 65133  51.9007  85.7901 0000923  86.1210 273.9858 14.79927254 35464
KUIPER-00095            
1 65134U 25171C   26086.95765389 -.00007868  00000+0 -10042-2 0  9998
2 65134  51.9024  64.8666 0000957 126.1477 233.9574 14.79934542 35770
KUIPER-00096            
1 65135U 25171D   26086.70786848  .00003099  00000+0  43528-3 0  9991
2 65135  51.8995  78.4035 0000945  75.4273 284.6795 14.79934280 35569
KUIPER-00097            
1 65136U 25171E   26086.70518310  .00000988  00000+0  15856-3 0  9996
2 65136  51.9016  81.0481 0000711  80.8238 279.2805 14.79927757 35510
KUIPER-00098            
1 65137U 25171F   26086.70239398 -.00002739  00000+0 -33044-3 0  9990
2 65137  51.9003  83.4358 0000446  20.1327 339.9653 14.79931163 34832
KUIPER-00099            
1 65138U 25171G   26086.94955494 -.00013781  00000+0 -17802-2 0  9991
2 65138  51.9004  72.3305 0002510  70.8598 289.2636 14.79981663 35669
KUIPER-00100            
1 65139U 25171H   26086.64842973  .00002807  00000+0  39717-3 0  9991
2 65139  51.8997  71.1398 0000893  76.0731 284.0331 14.79927121 35651
KUIPER-00102            
1 65140U 25171J   26086.64572097  .00003395  00000+0  47412-3 0  9994
2 65140  51.8982  73.6724 0000776  54.1521 305.9514 14.79935108 35617
KUIPER-00103            
1 65141U 25171K   26086.72814875  .00002948  00000+0  41557-3 0  9994
2 65141  51.8994  90.8007 0000276  81.8711 278.2283 14.79929337 35385
KUIPER-00104            
1 65142U 25171L   26086.67423043  .00003251  00000+0  45557-3 0  9994
2 65142  51.9021  78.5085 0000725  51.2086 308.8942 14.79902731 35552
KUIPER-00105            
1 65143U 25171M   26086.70046262  .00002964  00000+0  41786-3 0  9993
2 65143  51.9001  86.0166 0000578 133.7903 226.3107 14.79906786 35455
KUIPER-00106            
1 65144U 25171N   26086.39895698  .00005283  00000+0  47329-3 0  9990
2 65144  51.8933  74.5009 0007417 154.4476 205.6862 14.97223233 35593
KUIPER-00107            
1 65145U 25171P   26086.65102350 -.00006016  00000+0 -76129-3 0  9993
2 65145  51.9001  68.6651 0000952  86.6334 273.4737 14.79909958 35694
KUIPER-00108            
1 65146U 25171Q   26086.67140318 -.00000822  00000+0 -78919-4 0  9991
2 65146  51.9015  81.0958 0000517  53.2277 306.8733 14.79925281 35528
KUIPER-00109            
1 65147U 25171R   26086.23784449  .00000372  00000+0  77748-4 0  9990
2 65147  51.9045  77.9543 0000746  84.6662 275.4385 14.79930837 35523
KUIPER-00110            
1 65148U 25171S   26086.73083223  .00002918  00000+0  41174-3 0  9999
2 65148  51.9003  88.3577 0000698 314.5603  45.5302 14.79916498 35417
KUIPER-00111            
1 65149U 25171T   26086.21910601  .00002883  00000+0  40694-3 0  9999
2 65149  51.8982  95.5296 0000355  41.7036 318.3954 14.79939703 35272
KUIPER-00112            
1 65150U 25171U   26086.40668713  .00003218  00000+0  45068-3 0  9999
2 65150  51.9016  77.2623 0000894  83.2081 276.8983 14.79951150 35543
KUIPER-00114            
1 65151U 25171V   26086.75652188  .00002865  00000+0  40470-3 0  9996
2 65151  51.8994  95.7099 0000690  63.1759 296.9274 14.79930889 35310
KUIPER-00115            
1 65152U 25171W   26086.69708007  .00003180  00000+0  44591-3 0  9991
2 65152  51.9001  88.4624 0000786  48.4636 311.6394 14.79940377 35412
KUIPER-00116            
1 65153U 25171X   26086.72544301 -.00003130  00000+0 -38144-3 0  9995
2 65153  51.8990  93.3741 0000773  11.9122 348.1859 14.79965668 35348
KUIPER-00118            
1 65154U 25171Y   26086.72277072  .00002950  00000+0  41589-3 0  9998
2 65154  51.8996  95.8436 0000646  82.4383 277.6653 14.79928914 35312
KUIPER-00119            
1 65155U 25171Z   26086.39839881  .00003323  00000+0  46398-3 0  9992
2 65155  51.9005  84.8598 0000748 102.5090 257.5956 14.80003465 35437
KUIPER-00120            
1 65762U 25217A   26086.90531421 -.00003621  00000+0 -44650-3 0  9995
2 65762  51.9014 332.5173 0000545 128.1734 231.9278 14.79907802 27437
KUIPER-00132            
1 65763U 25217B   26086.91706678  .00037197  00000+0  90963-3 0  9996
2 65763  51.8584 274.9701 0006524  35.8726 324.2698 15.40422353 28236
KUIPER-00133            
1 65764U 25217C   26086.93914448 -.00002696  00000+0 -32496-3 0  9990
2 65764  51.9075 332.4265 0002004  90.6156 269.5036 14.79906638 27446
KUIPER-00139            
1 65765U 25217D   26086.87366938  .00006966  00000+0  54475-3 0  9992
2 65765  51.8863 310.5430 0007712  15.0129 345.1070 15.02047232 27749
KUIPER-00142            
1 65766U 25217E   26085.64133910 -.00001084  00000+0 -11328-3 0  9997
2 65766  51.9004 320.6310 0000722 102.8305 257.2738 14.79924472 27491
KUIPER-00145            
1 65767U 25217F   26086.92153192 -.00005236  00000+0 -65874-3 0  9992
2 65767  51.9010 317.4840 0000789  98.8539 261.2513 14.79906151 27644
KUIPER-00147            
1 65768U 25217G   26086.95267488 -.00002379  00000+0 -28337-3 0  9998
2 65768  51.9029 319.8385 0000450 110.7852 249.3159 14.79900431 27617
KUIPER-00148            
1 65769U 25217H   26086.91667824  .00006416  00000+0  56764-3 0  9992
2 65769  51.8879 300.5860 0009051  36.9291 315.0970 14.97371512  5594
KUIPER-00150            
1 65770U 25217J   26086.40176257  .00009669  00000+0  12949-2 0  9992
2 65770  51.9011 332.2883 0000438 100.7214 259.3798 14.79952727 27390
KUIPER-00151            
1 65771U 25217K   26086.94998805 -.00003695  00000+0 -45631-3 0  9993
2 65771  51.9054 322.3580 0000628  93.6089 266.4945 14.79903622 27587
KUIPER-00152            
1 65772U 25217L   26086.86226782  .00003624  00000+0  50408-3 0  9991
2 65772  51.9020 310.2384 0000800 108.7233 251.3817 14.79932377 27748
KUIPER-00153            
1 65773U 25217M   26086.91667824 -.00020132  00000+0 -23010-2 0  9997
2 65773  51.8974 304.2654 0012447   9.8080 306.3483 14.85226962  4085
KUIPER-00155            
1 65774U 25217N   26086.83665697  .00014876  00000+0  62603-3 0  9993
2 65774  51.8776 285.6249 0005590  11.2512 348.8593 15.23571531 28083
KUIPER-00156            
1 65775U 25217P   26086.83396503 -.00001806  00000+0 -20848-3 0  9997
2 65775  51.9072 305.4006 0000165 358.8596   1.2366 14.79846086 27808
KUIPER-00158            
1 65776U 25217Q   26086.96114982  .00004248  00000+0  57455-3 0  9996
2 65776  51.8987 324.5671 0001511  99.0538 261.0596 14.80767758 27552
KUIPER-00163            
1 65777U 25217R   26086.91667824  .00578471  00000+0  13246-1 0  9992
2 65777  51.9023 320.8243 0000484 340.2449 197.0215 15.39947974  4904
KUIPER-00165            
1 65778U 25217S   26086.89053719 -.00006870  00000+0 -87357-3 0  9999
2 65778  51.9010 315.1127 0000590  97.4895 262.6134 14.79907770 27674
KUIPER-00166            
1 65779U 25217T   26086.87027788  .00003477  00000+0  48455-3 0  9999
2 65779  51.9036 302.7322 0001044  96.6663 263.4418 14.79966034 27842
KUIPER-00167            
1 65780U 25217U   26086.94727951 -.00003289  00000+0 -40282-3 0  9991
2 65780  51.8980 324.8214 0001491 106.3002 253.8124 14.79908756 27549
KUIPER-00168            
1 65781U 25217V   26086.89873134  .00003441  00000+0  48022-3 0  9999
2 65781  51.9017 307.5831 0000737  89.6066 270.4981 14.79928334 27786
KUIPER-00169            
1 65782U 25217W   26086.89330032 -.00003314  00000+0 -40613-3 0  9994
2 65782  51.9020 312.6103 0000726 101.7606 258.3438 14.79909486 27716
KUIPER-00170            
1 65783U 25217X   26086.88792527 -.00002142  00000+0 -25219-3 0  9998
2 65783  51.9005 317.6157 0001004  96.8323 263.2753 14.79910480 27647
KUIPER-00172            
1 65785U 25217Z   26086.86833221  .00002363  00000+0  36590-3 0  9992
2 65785  51.8992 298.7965 0002100  46.0462 314.0671 14.76577634 27908
KUIPER-00173            
1 65786U 25217AA  26086.83388281  .00003180  00000+0  48259-3 0  9994
2 65786  51.9022 312.6104 0000882 112.7855 247.3199 14.76516263 27709
KUIPER-00174            
1 65787U 25217AB  26086.86495002  .00002788  00000+0  39450-3 0  9994
2 65787  51.9032 307.7624 0000916 116.9670 243.1387 14.79944488 27779
KUIPER-00176            
1 65788U 25217AC  26086.91607576 -.00005108  00000+0 -64198-3 0  9990
2 65788  51.9007 322.5015 0000793  90.0048 270.1005 14.79900730 27572
KUIPER-00101            
1 65947U 25228A   26086.92845350  .00003618  00000+0  50330-3 0  9999
2 65947  51.8973 279.9239 0000566 100.1230 259.9797 14.79931484 25938
KUIPER-00113            
1 65948U 25228B   26086.76502195  .00003282  00000+0  45933-3 0  9999
2 65948  51.8983 275.6643 0000731 104.6647 255.4397 14.79936222 25973
KUIPER-00117            
1 65949U 25228C   26086.79609335  .00003357  00000+0  46911-3 0  9997
2 65949  51.8979 278.0283 0000887  93.7944 266.3120 14.79935473 25945
KUIPER-00121            
1 65950U 25228D   26086.90275820  .00003577  00000+0  49781-3 0  9992
2 65950  51.8985 272.5547 0000593 112.8402 247.2623 14.79948540 26038
KUIPER-00122            
1 65951U 25228E   26086.82441427 -.00007791  00000+0 -99498-3 0  9996
2 65951  51.9005 282.8805 0000940 117.5621 242.5437 14.79897710 25880
KUIPER-00123            
1 65952U 25228F   26086.92575693  .00003618  00000+0  50336-3 0  9991
2 65952  51.8988 282.4514 0000667 105.7388 254.3648 14.79936397 25899
KUIPER-00124            
1 65953U 25228G   26086.93384954  .00003584  00000+0  49883-3 0  9998
2 65953  51.8977 274.9034 0000658  97.2180 262.8857 14.79934932 26009
KUIPER-00125            
1 65954U 25228H   26086.74734224 -.00001197  00000+0 -12811-3 0  9998
2 65954  51.8992 260.7525 0000970 102.9517 257.1554 14.79910419 26184
KUIPER-00126            
1 65955U 25228J   26086.82712703 -.00004875  00000+0 -61150-3 0  9992
2 65955  51.8993 280.3984 0000677  96.7389 263.3650 14.79894345 25919
KUIPER-00127            
1 65956U 25228K   26086.76204725  .00002359  00000+0  36750-3 0  9997
2 65956  51.8998 272.5653 0001036 250.8099 109.2750 14.76326612 26028
KUIPER-00128            
1 65957U 25228L   26086.80145119  .00003263  00000+0  45668-3 0  9997
2 65957  51.9004 273.0311 0000819 112.9155 247.1894 14.79950536 26015
KUIPER-00129            
1 65958U 25228M   26086.70560572  .00003326  00000+0  46459-3 0  9990
2 65958  51.9002 268.4390 0001246 109.3779 250.7318 14.79983621 26074
KUIPER-00130            
1 65959U 25228N   26086.80419187  .00003340  00000+0  46692-3 0  9992
2 65959  51.9017 270.5133 0000685 110.0313 250.0724 14.79927320 16346
KUIPER-00134            
1 65960U 25228P   26086.89941646  .00019847  00000+0  51093-3 0  9993
2 65960  51.8724 232.1248 0005475  24.4663 335.6584 15.39216293 26590
KUIPER-00135            
1 65961U 25228Q   26086.90549287  .00003541  00000+0  49336-3 0  9992
2 65961  51.9012 270.1264 0000713 105.6239 254.4802 14.79924817 26067
KUIPER-00136            
1 65962U 25228R   26086.87441689  .00002002  00000+0  29160-3 0  9990
2 65962  51.8996 267.7352 0000882 130.5689 229.5351 14.79924826 26096
KUIPER-00137            
1 65963U 25228S   26086.53939345  .00003313  00000+0  46326-3 0  9994
2 65963  51.9023 266.6809 0000703 110.6847 249.4191 14.79937751 26084
KUIPER-00138            
1 65964U 25228T   26086.77838585  .00003459  00000+0  48235-3 0  9997
2 65964  51.8986 263.1020 0000767 106.8003 253.3044 14.79946328 26159
KUIPER-00140            
1 65965U 25228U   26086.77582014  .00003594  00000+0  50022-3 0  9998
2 65965  51.8995 265.6978 0000766 116.5029 243.6012 14.79930963 26115
KUIPER-00141            
1 65966U 25228V   26086.78111472  .00003083  00000+0  43352-3 0  9997
2 65966  51.9017 260.6908 0000845  94.1972 265.9087 14.79903079 26180
KUIPER-00146            
1 65967U 25228W   26086.74449255 -.00019819  00000+0 -25784-2 0  9991
2 65967  51.9020 263.3597 0001997  81.3209 278.7980 14.79931288 26142
KUIPER-00149            
1 65968U 25228X   26086.85135192  .00003924  00000+0  54325-3 0  9998
2 65968  51.9010 257.7942 0000677 124.5065 235.5961 14.79947094 26239
KUIPER-00154            
1 65969U 25228Y   26086.75277027  .00003674  00000+0  51100-3 0  9992
2 65969  51.8987 255.7323 0000821  98.7371 261.3684 14.79901104 26259
KUIPER-00157            
1 65970U 25228Z   26086.75004322  .00004207  00000+0  58028-3 0  9999
2 65970  51.9011 258.3570 0000463  96.9220 263.1795 14.79946500 26216
KUIPER-00144            
1 67133U 25301A   26086.91667824 -.01835450  00000+0 -86407-1 0  9999
2 67133  51.8810 337.4334 0005472  94.4429   0.7067 15.22224832  4300
KUIPER-00164            
1 67134U 25301B   26086.91667824 -.00037869  00000+0 -49424-2 0  9996
2 67134  51.9045 344.8226 0001312  80.5429 188.4606 14.80135154  5685
KUIPER-00175            
1 67135U 25301C   26086.91667824 -.00056698  00000+0 -37983-2 0  9995
2 67135  51.8852 338.8975 0001750 127.2382 352.0927 15.06563967  4273
KUIPER-00179            
1 67136U 25301D   26086.91667824 -.00040860  00000+0 -52879-2 0  9991
2 67136  51.8995 344.5563 0000442 131.7185  53.9076 14.80526318  5326
KUIPER-00181            
1 67137U 25301E   26086.45185594  .00002431  00000+0  37622-3 0  9990
2 67137  51.9046 358.9880 0001903 130.0394 230.0734 14.76500617 16356
KUIPER-00183            
1 67138U 25301F   26086.91667824 -.00885656  00000+0 -60491-1 0  9991
2 67138  51.9003 340.0017 0012371 122.1609  45.3906 15.08399600  5738
KUIPER-00184            
1 67139U 25301G   26086.91667824 -.01666211  00000+0 -12929+0 0  9998
2 67139  51.8855 339.8012 0009154 115.3833 141.2229 15.04188571  5689
KUIPER-00186            
1 67140U 25301H   26086.81095344  .00004323  00000+0  59519-3 0  9998
2 67140  51.9036 357.9819 0000866 109.0334 251.0722 14.79969531 16242
KUIPER-00187            
1 67141U 25301J   26086.47064298  .00004568  00000+0  62756-3 0  9993
2 67141  51.9050   2.0017 0001127  97.7498 262.3592 14.79951319 16157
KUIPER-00188            
1 67142U 25301K   26086.86842999  .00048213  00000+0  12461-2 0  9991
2 67142  51.8714 337.2968 0009536 115.2451 244.9526 15.38591541 16537
KUIPER-00191            
1 67143U 25301L   26086.44492398  .00004415  00000+0  60695-3 0  9999
2 67143  51.9024 354.6275 0000696 102.0534 258.0507 14.79986453 16282
KUIPER-00196            
1 67144U 25301M   26086.89061268  .00041899  00000+0  11251-2 0  9997
2 67144  51.8748 336.7313 0004377  74.2320 285.9149 15.37512175 16543
KUIPER-00204            
1 67145U 25301N   26086.86473646  .00017194  00000+0  66917-3 0  9993
2 67145  51.8826 343.8890 0002150  46.2026 313.9134 15.26096412 16555
KUIPER-00210            
1 67146U 25301P   26086.88387214  .00004504  00000+0  61916-3 0  9996
2 67146  51.9022 352.6481 0000739  96.2211 263.8836 14.79954532 16499
KUIPER-00221            
1 67147U 25301Q   26086.90958571  .00004540  00000+0  62419-3 0  9999
2 67147  51.9039   0.0394 0000815 119.9699 240.1344 14.79931493 16227
KUIPER-00232            
1 67148U 25301R   26086.91667824 -.00052691  00000+0 -68942-2 0  9997
2 67148  51.9003 344.1709 0000625 125.4073 105.9250 14.80191937  5885
KUIPER-00241            
1 67149U 25301S   26086.91493669  .00004450  00000+0  61204-3 0  9995
2 67149  51.9051 355.0249 0000757  90.3395 269.7655 14.79958071 16622
KUIPER-00245            
1 67150U 25301T   26086.77173119 -.00005152  00000+0 -64653-3 0  9999
2 67150  51.9047   3.1723 0001938  94.4967 265.6216 14.79978307 16160
KUIPER-00246            
1 67151U 25301U   26086.87087680  .00002348  00000+0  36570-3 0  9997
2 67151  51.9020 347.5223 0001025 121.9300 238.1761 14.76348752 16416
KUIPER-00247            
1 67152U 25301V   26086.91667824 -.00046997  00000+0 -27246-2 0  9996
2 67152  51.8822 339.0252 0011990 122.2987 252.7391 15.11664908  4491
KUIPER-00248            
1 67153U 25301W   26086.96656931  .00035018  00000+0  92419-3 0  9994
2 67153  51.8691 337.1800 0010776 108.7425 251.4732 15.38084767 16712
KUIPER-00249            
1 67154U 25301X   26086.91667824 -.01068985  00000+0 -50301-1 0  9997
2 67154  51.8750 337.6280 0007701 119.0856 177.6547 15.22049538  4106
KUIPER-00250            
1 67155U 25301Y   26086.87437925  .00002394  00000+0  37128-3 0  9993
2 67155  51.9016 349.7196 0001494 127.9249 232.1847 14.76470127 16394
KUIPER-00251            
1 67156U 25301Z   26086.91667824 -.01242087  00000+0 -83091-1 0  9998
2 67156  51.8850 338.7883 0009353 115.3370 309.2553 15.09720695  3851
KUIPER-00252            
1 67157U 25301AA  26086.91667824 -.00032194  00000+0 -25353-2 0  9992
2 67157  51.9044 340.1646 0007952 135.3770  54.4646 15.00206032  5311
KUIPER-00261            
1 67158U 25301AB  26086.73430370  .00002437  00000+0  37722-3 0  9996
2 67158  51.9036 350.6743 0002245  37.5946 322.5172 14.76491306 16334
KUIPER-00265            
1 67159U 25301AC  26086.76913846  .00004313  00000+0  59427-3 0  9995
2 67159  51.9047   5.6701 0001180  94.3329 265.7769 14.79941878 16169
KUIPER-00159            
1 67764U 26030A   26086.84815376  .00024401  00000+0  68415-3 0  9992
2 67764  51.8857 131.5474 0005911  96.8684 263.2975 15.36440682  7884
KUIPER-00160            
1 67765U 26030B   26086.85205825  .00030469  00000+0  85650-3 0  9997
2 67765  51.8803 131.5576 0005671 105.8406 254.3206 15.36237630  7880
KUIPER-00177            
1 67766U 26030C   26086.91667824  .00017053  00000+0  13477-2 0  9997
2 67766  51.8961 133.1704 0004946  91.4897 320.4163 15.00737277  5760
KUIPER-00178            
1 67767U 26030D   26086.91667824  .00019904  00000+0  11251-2 0  9993
2 67767  51.8859 132.5669 0007841 105.8652 353.1992 15.13054224  3608
KUIPER-00180            
1 67768U 26030E   26086.83594134 -.00006046  00000+0 -19725-3 0  9998
2 67768  51.8821 132.9135 0014466 123.5231 236.7137 15.29183433  7862
KUIPER-00197            
1 67769U 26030F   26086.83106607  .00029729  00000+0  81692-3 0  9996
2 67769  51.8837 131.4331 0002706  79.1609 280.9683 15.36968639  7887
KUIPER-00198            
1 67770U 26030G   26086.83995516  .00030244  00000+0  83907-3 0  9998
2 67770  51.8822 131.4793 0004136  91.6946 268.4514 15.36658274  7882
KUIPER-00199            
1 67771U 26030H   26086.82267755  .00027158  00000+0  79876-3 0  9995
2 67771  51.8811 132.1012 0011023 119.3124 240.8965 15.34839201  7874
KUIPER-00200            
1 67772U 26030J   26086.81243816 -.00036502  00000+0 -96525-3 0  9992
2 67772  51.8811 131.3059 0001301 324.0465  36.0434 15.37690249  7885
KUIPER-00203            
1 67773U 26030K   26086.91667824 -.00015417  00000+0 -18650-2 0  9997
2 67773  51.9023 136.9705 0010225 116.9852 179.8621 14.82743590  5715
KUIPER-00205            
1 67774U 26030L   26086.83069671  .00025232  00000+0  69279-3 0  9993
2 67774  51.8816 131.4209 0004964  74.2662 285.8872 15.37076476  7881
KUIPER-00208            
1 67775U 26030M   26086.91667824 -.00287870  00000+0 -13895-1 0  9998
2 67775  51.8876 132.5560 0017617 115.1213 294.5847 15.19337828  1307
KUIPER-00209            
1 67776U 26030N   26086.85181132  .00026120  00000+0  93712-3 0  9990
2 67776  51.8864 133.0222 0012164 120.4619 239.7567 15.28459719  7868
KUIPER-00213            
1 67777U 26030P   26086.66668981  .00038620  00000+0  12582-2 0  9995
2 67777  51.8803 133.3577 0016265 126.1562 202.1702 15.31335471  5870
KUIPER-00214            
1 67778U 26030Q   26086.81901936  .00023770  00000+0  64585-3 0  9994
2 67778  51.8845 131.3620 0001679  40.3760 319.7352 15.37445504  7888
KUIPER-00215            
1 67779U 26030R   26086.81861403  .00025593  00000+0  74814-3 0  9990
2 67779  51.8838 132.0903 0010567 116.9308 243.2759 15.35070193  7874
KUIPER-00218            
1 67780U 26030S   26086.53813588  .00036313  00000+0  10316-2 0  9990
2 67780  51.8844 133.2128 0007251 104.1536 256.0256 15.35810360  7831
KUIPER-00220            
1 67781U 26030T   26086.42111111  .00024969  00000+0  72787-3 0  9997
2 67781  51.8814 133.9131 0008884 110.0950 250.0992 15.35187093  7818
KUIPER-00222            
1 67782U 26030U   26086.91667824  .00038715  00000+0  12755-2 0  9991
2 67782  51.8803 132.2366 0016697 122.3807 105.7488 15.30968431  4324
KUIPER-00223            
1 67783U 26030V   26086.82735436  .00023127  00000+0  68514-3 0  9993
2 67783  51.8840 132.1396 0012983 117.8101 242.4202 15.34682805  7876
KUIPER-00225            
1 67784U 26030W   26086.51863458 -.00002734  00000+0 -64783-4 0  9994
2 67784  51.8820 133.0764 0005190  88.5071 271.6510 15.36507786  7834
KUIPER-00226            
1 67785U 26030X   26086.84744375  .00017459  00000+0  60987-3 0  9996
2 67785  51.8831 132.9864 0019702 127.5074 232.7704 15.29483366  7862
KUIPER-00259            
1 67786U 26030Y   26086.41275927  .00020035  00000+0  58144-3 0  9998
2 67786  51.8808 133.8592 0008751 102.7149 257.4815 15.35466458  7817
KUIPER-00260            
1 67787U 26030Z   26086.82748108  .00027564  00000+0  75358-3 0  9990
2 67787  51.8791 131.3963 0002827  75.6904 284.4397 15.37167415  7794
KUIPER-00262            
1 67788U 26030AA  26086.82094961  .00024123  00000+0  65662-3 0  9997
2 67788  51.8817 131.3617 0001669  62.7972 297.3185 15.37380406  7880
KUIPER-00266            
1 67789U 26030AB  26086.85023982  .00021161  00000+0  72675-3 0  9997
2 67789  51.8835 133.0019 0022760 134.4417 225.8434 15.29840665  7862
KUIPER-00268            
1 67790U 26030AC  26086.83991312  .00050094  00000+0  13799-2 0  9996
2 67790  51.8847 131.4951 0003809  83.4318 276.7102 15.36641833  7883
KUIPER-00270            
1 67791U 26030AD  26086.42407431  .00024016  00000+0  70425-3 0  9991
2 67791  51.8809 133.9302 0010921 114.3361 245.8766 15.35004339  7813
KUIPER-00274            
1 67792U 26030AE  26086.85098359  .00020965  00000+0  73787-3 0  9997
2 67792  51.8841 133.0187 0017761 132.9961 227.2514 15.29144637  7862
KUIPER-00275            
1 67793U 26030AF  26086.41977785  .00024464  00000+0  71247-3 0  9996
2 67793  51.8838 133.9194 0010119 107.2141 252.9954 15.35217762  7816
KUIPER-00276            
1 67794U 26030AG  26086.84983912 -.00002760  00000+0 -81702-4 0  9998
2 67794  51.8836 133.0076 0017928 122.0567 238.2160 15.29617921  7862
KUIPER-00279            
1 67795U 26030AH  26086.53418144  .00026856  00000+0  76446-3 0  9993
2 67795  51.8807 133.1721 0006478  96.9329 263.2395 15.35909381  7838
